q = [0.966,0,0,0.259]';
v = q(2:4);
u = [0;0;1];
theta = 0.259;

